musicfile
[117,16,16,1],
[117,16,16,1],
[120,16,16,1],
[120,16,16,1],
[121,16,16,1],
[121,16,16,1],
[120,32,32,1],

[119,16,16,1],
[119,16,16,1],
[227,16,16,1],
[227,16,16,1],
[118,16,16,1],
[118,16,16,1],
[117,32,32,1],

[120,16,16,1],
[120,16,16,1],
[119,16,16,1],
[119,16,16,1],
[227,16,16,1],
[227,16,16,1],
[118,32,32,1],

[120,16,16,1],
[120,16,16,1],
[119,16,16,1],
[119,16,16,1],
[227,16,16,1],
[227,16,16,1],
[118,32,32,1],

[117,16,16,1],
[117,16,16,1],
[120,16,16,1],
[120,16,16,1],
[121,16,16,1],
[121,16,16,1],
[120,32,32,1],

[119,16,16,1],
[119,16,16,1],
[227,16,16,1],
[227,16,16,1],
[118,16,16,1],
[118,16,16,1],
[117,32,32,1],