musicfile
[217,8,8],
[221,8,8],
[219,8,8],
[221,8,8],
[217,8,8],
[221,8,8],
[219,8,8],
[221,8,8],


[217,8,0],
[224,8,8],

[221,8,0],
[224,8,8],

[219,8,0],
[228,8,8],

[221,8,0],
[228,8,8],

[217,8,0],
[229,8,8],

[221,8,0],
[229,8,8],

[219,8,0],
[228,16,8],
[221,8,8],

[217,8,0],
[227,8,8],

[221,8,0],
[227,8,8],

[219,8,0],
[226,8,8],

[221,8,0],
[226,8,8],

[217,8,0],
[225,8,8],

[221,8,0],
[225,8,8],

[219,8,0],
[224,16,8],
[221,8,8],


[217,8,0],
[228,8,8],

[221,8,0],
[228,8,8],

[219,8,0],
[227,8,8],

[221,8,0],
[227,8,8],

[217,8,0],
[226,8,8],

[221,8,0],
[226,8,8],

[219,8,0],
[225,16,8],
[221,8,8],


[217,8,0],
[228,8,8],

[221,8,0],
[228,8,8],

[219,8,0],
[227,8,8],

[221,8,0],
[227,8,8],

[217,8,0],
[226,8,8],

[221,8,0],
[226,8,8],

[219,8,0],
[225,16,8],
[221,8,8],


[217,8,0],
[224,8,8],

[221,8,0],
[224,8,8],

[219,8,0],
[228,8,8],

[221,8,0],
[228,8,8],

[217,8,0],
[229,8,8],

[221,8,0],
[229,8,8],

[219,8,0],
[228,16,8],
[221,8,8],

[217,8,0],
[227,8,8],

[221,8,0],
[227,8,8],

[219,8,0],
[226,8,8],

[221,8,0],
[226,8,8],

[217,8,0],
[225,8,8],

[221,8,0],
[225,8,8],

[219,8,0],
[224,16,8],
[221,8,8],

[217,16,0],
[219,16,0],
[221,16,0],