musicfile
[233,32,32],
[232,32,32],
[231,32,32],
[230,32,32],

[229,32,32],
[228,32,32],
[229,32,32],
[230,32,32],

[231,32,32],
[230,32,32],
[229,32,32],
[228,32,32],

[227,32,32],
[226,32,32],
[227,32,32],
[225,32,32],

[231,8,8],
[230,8,8],
[231,8,8],
[224,8,8],
[223,8,8],
[228,8,8],
[225,8,8],
[226,8,8],

[224,8,8],
[231,8,8],
[230,8,8],
[229,8,8],
[230,8,8],
[233,8,8],
[235,8,8],
[236,8,8],


[234,8,8],
[233,8,8],
[232,8,8],
[234,8,8],
[234,8,8],
[233,8,8],
[231,8,8],
[230,8,8],

[229,8,8],
[228,8,8],
[227,8,8],
[226,8,8],
[225,8,8],
[227,8,8],
[226,8,8],
[225,8,8],

[224,8,8],
[225,8,8],
[226,8,8],
[227,8,8],
[228,8,8],
[225,8,8],
[228,8,8],
[227,8,8],

[226,8,8],
[229,8,8],
[228,8,8],
[227,8,8],
[228,8,8],
[227,8,8],
[226,8,8],
[225,8,8],

[224,8,8],
[222,8,8],
[229,8,8],
[230,8,8],
[231,8,8],
[230,8,8],
[229,8,8],
[228,8,8],

[227,8,8],
[226,8,8],
[225,8,8],
[229,8,8],
[228,8,8],
[229,8,8],
[228,8,8],
[227,8,8],

[226,16,16],
[236,16,16],
[232,32,32],
[231,32,32],
[232,32,32],
[231,16,16],
[233,16,16],
[232,16,16],
[234,16,16],

[235,8,8],
[233,4,4],
[234,4,4],
[235,8,8],
[233,4,4],
[234,4,4],
[235,4,4],
[228,4,4],
[229,4,4],
[230,4,4],
[231,4,4],
[232,4,4],
[233,4,4],
[234,4,4],

[233,8,8],
[231,4,4],
[232,4,4],
[233,8,8],
[226,4,4],
[227,4,4],
[228,4,4],
[229,4,4],
[228,4,4],
[227,4,4],
[228,4,4],
[226,4,4],
[227,4,4],
[228,4,4],

[227,8,8],
[229,4,4],
[228,4,4],
[227,8,8],
[226,4,4],
[225,4,4],
[226,4,4],
[225,4,4],
[224,4,4],
[225,4,4],
[226,4,4],
[227,4,4],
[228,4,4],
[229,4,4],

[227,8,8],
[229,4,4],
[228,4,4],
[229,8,8],
[230,4,4],
[231,4,4],
[228,4,4],
[229,4,4],
[230,4,4],
[231,4,4],
[232,4,4],
[233,4,4],
[234,4,4],
[235,4,4],

[229,8,8],
[231,4,4],
[230,4,4],
[229,8,8],
[228,4,4],
[227,4,4],
[228,4,4],
[227,4,4],
[226,4,4],
[227,4,4],
[228,4,4],
[229,4,4],
[230,4,4],
[224,4,4],

[229,8,8],
[231,4,4],
[230,4,4],
[231,8,8],
[230,4,4],
[229,4,4],
[230,4,4],
[231,4,4],
[232,4,4],
[231,4,4],
[230,4,4],
[231,4,4],
[229,4,4],
[230,4,4],

[233,8,8],
[226,8,8],
[227,8,8],
[226,8,8],
[225,8,8],
[232,8,8],
[233,8,8],
[232,8,8],

[231,8,8],
[226,8,8],
[224,8,8],
[229,8,8],
[228,8,8],
[228,8,8],
[227,8,8],
[228,8,8],

[229,8,8],
[229,8,8],
[230,8,8],
[229,8,8],
[230,8,8],
[221,8,8],
[220,8,8],
[221,8,8],

[222,8,8],
[229,8,8],
[228,8,8],
[229,8,8],
[230,8,8],
[230,8,8],
[229,8,8],
[230,8,8],

[224,8,8],
[231,8,8],
[232,8,8],
[231,8,8],
[230,8,8],
[223,8,8],
[224,8,8],
[223,8,8],

[222,8,8],
[229,8,8],
[228,8,8],
[229,8,8],
[230,8,8],
[223,8,8],
[226,8,8],
[225,8,8],

[224,8,8],
[231,8,8],
[232,8,8],
[234,8,8],
[233,8,8],
[226,8,8],
[228,8,8],
[233,8,8],

[231,8,8],
[234,8,8],
[233,8,8],
[234,8,8],
[232,8,8],
[228,8,8],
[227,8,8],
[228,8,8],

[226,8,8],
[231,4,4],
[230,4,4],
[231,8,8],
[226,8,8],
[228,8,8],
[228,4,4],
[229,4,4],
[230,8,8],
[228,8,8],

[226,8,8],
[231,4,4],
[232,4,4],
[233,8,8],
[231,8,8],
[233,8,8],
[233,4,4],
[232,4,4],
[231,8,8],
[230,8,8],

[229,8,8],
[229,4,4],
[228,4,4],
[229,8,8],
[230,8,8],
[231,8,8],
[233,4,4],
[232,4,4],
[231,8,8],
[233,8,8],

[227,8,8],
[224,4,4],
[230,4,4],
[229,8,8],
[229,8,8],
[228,8,8],
[225,8,8],
[228,8,8],
[228,8,8],

[226,16,16],
[233,8,8],
[233,8,8],
[234,8,8],
[233,8,8],
[232,8,8],

[231,16,16],
[231,8,8],
[231,8,8],
[232,8,8],
[231,8,8],
[230,8,8],

[229,16,16],
[231,16,16],

[122,8,8],
[230,8,8],
[121,8,8],
[230,8,8],
[228,24,24],
[228,8,8],

[228,24,24],
[228,8,8],
[228,8,8],
[229,8,8],
[228,8,8],
[227,8,8],

[226,24,24],
[226,8,8],
[226,8,8],
[227,8,8],
[226,8,8],
[225,8,8],

[122,8,8],
[230,8,8],
[121,8,8],
[230,8,8],
[228,24,24],
[228,8,8],

[227,16,16],
[231,16,16],
[230,24,24],
[230,8,8],

[235,32,32],
[228,24,24],
[227,8,8],

[233,32,32],
[233,24,24],
[232,8,8],

[231,48,48],
[224,16,16],

[231,32,32],
[230,32,32],

[231,16,16],
[224,16,16],
[223,16,16],
[230,16,16],

[229,16,16],
[222,16,16],
[221,16,16],
[228,16,16],

[227,16,16],
[234,16,16],
[233,16,16],
[226,16,16],

[225,16,16],
[229,16,16],
[225,16,16],
[232,16,16],

[233,16,16],
[226,16,16],
[225,16,16],
[232,16,16],

[231,16,16],
[224,16,16],
[223,16,16],
[230,16,16],

[229,16,16],
[236,16,16],
[235,16,16],
[228,16,16],


[227,24,24],
[232,8,8],
[228,16,16],
[232,16,16],

[233,32,32]