musicfile
[231,32,32,1],
[230,32,32,1],
[229,32,32,1],
[228,32,32,1],
[227,32,32,1],
[228,32,32,1],
[229,32,32,1],
[230,32,32,1],

[233,32,32,1],
[232,32,32,1],
[231,32,32,1],
[230,32,32,1],
[229,32,32,1],
[228,32,32,1],
[229,32,32,1],
[230,32,32,1],

[233,32,32,1],
[233,16,16,1],
[232,16,16,1],
[231,32,32,1],
[231,16,16,1],
[230,16,16,1],
[229,32,32,1],
[228,32,32,1],
[229,32,32,1],
[230,32,32,1],


[233,16,16,1],
[233,4,4,1],
[232,4,4,1],
[231,8,8,1],
[232,12,12,1],

[232,8,8,1],
[231,4,4,1],
[230,8,8,1],
[231,16,16,1],

[231,8,8,1],
[230,8,8,1],
[231,4,4,1],
[230,8,8,1],
[228,4,4,1],
[226,12,12,1],

[227,4,4,1],
[228,4,4,1],
[229,16,16,1],
[229,4,4,1],
[230,4,4,1],
[231,8,8,1],
[228,12,12,1],

[228,16,16,1],

[228,4,4,1],
[229,16,16,1],
[229,4,4,1],
[230,4,4,1],
[231,8,8,1],
[230,12,12,1],

[230,8,8,1],
[231,4,4,1],
[232,8,8,1],
[233,16,16,1],

[233,8,8,1],
[234,8,8,1],
[235,8,8,1],
[236,8,8,1],
[235,8,8,1],
[234,8,8,1],
[233,16,16,1],

[231,8,8,1],
[232,8,8,1],
[233,8,8,1],
[234,8,8,1],
[233,8,8,1],
[232,8,8,1],
[231,12,12,1],

[231,8,8,1],
[231,4,4,1],
[230,4,4,1],
[231,4,4,1],
[228,12,12,1],

[228,8,8,1],
[228,4,4,1],
[231,4,4,1],
[121,4,4,1],
[229,12,12,1],

[227,4,4,1],
[229,4,4,1],
[230,4,4,1],
[231,8,8,1],

[230,12,12,1],
[230,8,8,1],
[231,4,4,1],
[232,8,8,1],
[233,16,16,1],

[233,8,8,1],
[234,8,8,1],
[235,8,8,1],
[236,8,8,1],
[235,8,8,1],
[232,8,8,1],
[233,16,16,1],

[231,8,8,1],
[232,8,8,1],
[233,8,8,1],
[234,8,8,1],
[233,8,8,1],
[232,8,8,1],
[231,12,12,1],

[231,8,8,1],
[231,4,4,1],
[231,4,4,1],
[228,12,12,1],


[228,8,8,1],
[228,4,4,1],
[231,4,4,1],
[121,4,4,1],
[229,16,16,1],


[229,4,4,1],
[230,4,4,1],
[231,8,8,1],
[230,12,12,1],

[230,8,8,1],
[231,4,4,1],
[232,8,8,1],

[235,8,8,1],
[233,4,4,1],
[234,4,4,1],
[235,8,8,1],
[233,4,4,1],
[234,4,4,1],
[235,4,4,1],
[228,4,4,1],
[229,4,4,1],
[230,4,4,1],
[231,4,4,1],
[232,4,4,1],
[233,4,4,1],
[234,4,4,1],
[233,8,8,1],

[231,4,4,1],
[232,4,4,1],
[233,8,8,1],

[226,4,4,1],
[227,4,4,1],
[228,4,4,1],
[229,4,4,1],
[228,4,4,1],
[227,4,4,1],
[228,4,4,1],
[231,4,4,1],
[230,4,4,1],
[231,4,4,1],
[229,12,12,1],

[231,4,4,1],
[230,4,4,1],
[229,8,8,1],

[228,4,4,1],
[227,4,4,1],
[228,4,4,1],
[227,4,4,1],
[226,4,4,1],
[227,4,4,1],
[228,4,4,1],
[229,4,4,1],
[230,4,4,1],
[231,4,4,1],
[229,8,8,1],

[231,4,4,1],
[230,4,4,1],
[231,8,8,1],
[230,4,4,1],
[231,8,8,1],
[230,8,8,1],
[231,4,4,1],
[232,8,8,1],


[233,4,4,1],
[234,4,4,1],
[235,8,8,1],
[233,4,4,1],
[234,4,4,1],
[235,8,8,1],
[233,4,4,1],
[234,4,4,1],
[235,4,4,1],
[228,4,4,1],
[229,4,4,1],
[230,4,4,1],
[231,4,4,1],
[232,4,4,1],
[233,4,4,1],
[234,4,4,1],
[233,8,8,1],

[231,4,4,1],
[232,4,4,1],
[233,8,8,1],

[226,4,4,1],
[227,4,4,1],
[228,4,4,1],
[229,4,4,1],
[228,4,4,1],
[227,4,4,1],
[228,4,4,1],
[231,4,4,1],
[230,4,4,1],
[231,4,4,1],
[229,12,12,1],

[231,4,4,1],
[230,4,4,1],
[229,8,8,1],

[228,4,4,1],
[227,4,4,1],
[228,4,4,1],
[227,4,4,1],
[226,4,4,1],
[227,4,4,1],
[228,4,4,1],
[229,4,4,1],
[230,4,4,1],
[231,4,4,1],
[229,8,8,1],

[231,4,4,1],
[230,4,4,1],
[231,8,8,1],
[230,4,4,1],
[231,8,8,1],
[230,8,8,1],
[231,4,4,1],
[232,16,16,1],

[233,16,16,1],
[233,12,12,1],
[232,24,24,1],

[228,4,4,1],
[230,4,4,1],
[232,4,4,1],
[231,16,16,1],
[231,12,12,1],
[230,16,16,1],

[226,8,8,1],
[228,8,8,1],
[230,4,4,1],
[229,16,16,1],


[229,4,4,1],
[228,4,4,1],
[227,8,8,1],
[228,12,12,1],
[228,12,12,1],

[227,4,4,1],
[228,4,4,1],
[229,16,16,1],

[229,4,4,1],
[230,4,4,1],
[231,4,4,1],
[229,4,4,1],
[230,8,8,1],
[230,4,4,1],
[231,8,8,1],
[232,12,12,1],

[234,8,8,1],
[233,4,4,1],
[232,4,4,1],
[233,4,4,1],
[232,4,4,1],
[231,4,4,1],

[232,8,8,1],//2.01.2
[231,4,4,1],

[230,8,8,1],//2.01.8
[231,4,4,1],

[230,4,4,1],
[229,4,4,1],
[230,8,8,1],//2.03.0

[229,4,4,1],
[228,4,4,1],
[229,8,8,1],

[228,4,4,1],
[227,4,4,1],
[228,8,8,1],

[227,4,4,1],
[226,4,4,1],
[227,8,8,1],


[226,4,4,1],//2.05.6
[225,4,4,1],
[226,8,8,1],


[225,4,4,1],
[224,4,4,1],
[225,8,8,1],

[224,4,4,1],//2.07.0
[223,4,4,1],
[224,8,8,1],

[221,4,4,1],
[217,4,4,1],
[221,4,4,1],
[224,8,8,1],
[221,4,4,1],
[224,8,8,1],

[222,4,4,1],
[224,4,4,1],
[222,4,4,1],
[224,8,8,1],
[222,4,4,1],
[224,8,8,1],//2.10.6

[223,4,4,1],
[224,4,4,1],
[225,8,8,1],//2.11.4

[226,4,4,1],
[227,4,4,1],
[228,8,8,1],

[228,4,4,1],
[229,4,4,1],
[230,8,8,1],//2.12.8

[230,4,4,1],
[231,4,4,1],
[232,8,8,1],//2.13.6

[232,4,4,1],
[233,4,4,1],
[234,8,8,1],//2.14.4

[234,4,4,1],
[235,4,4,1],
[236,8,8,1],//2.15.2

[235,4,4,1],
[236,4,4,1],
[237,8,8,1],//2.15.8

[237,4,4,1],
[238,4,4,1],
[239,8,8,1],//2.16.6

[239,4,4,1],
[240,4,4,1],
[241,8,8,1],//2.17.4

[241,4,4,1],
[242,4,4,1],
[243,8,8,1],//2.18.2

[243,4,4,1],
[244,4,4,1],
[245,8,8,1],//2.19.0

[245,4,4,1],
[246,4,4,1],
[247,8,8,1],//2.19.6

[247,4,4,1],
[248,4,4,1],
[249,8,8,1],//2.20.4

[250,4,4,1],
[251,4,4,1],
[252,4,4,1],//2.21.2

[251,4,4,1],//2.21.4
[250,4,4,1],
[249,4,4,1],

[247,4,4,1],
[246,4,4,1],
[245,4,4,1],

[243,4,4,1],
[242,4,4,1],

[240,4,4,1],
[239,4,4,1],
[238,4,4,1],

[236,4,4,1],
[235,4,4,1],
[234,4,4,1],
[237,4,4,1],


[238,8,8,1],
[238,8,8,1],
[238,12,12,1],//2.25.2

[238,8,8,1],
[238,4,4,1],
[237,4,4,1],
[235,4,4,1],

[238,4,4,1],
[238,4,4,1],
[237,4,4,1],
[235,4,4,1],

[238,8,8,1],
[238,8,8,1],
[238,4,4,1],
[237,4,4,1],
[235,4,4,1],
[238,8,8,1],//2.28.8

[238,4,4,1],
[237,4,4,1],
[235,4,4,1],
[238,4,4,1],
[238,4,4,1],
[237,4,4,1],
[235,4,4,1],

[238,8,8,1],//2.30.6
[238,8,8,1],
[238,4,4,1],
[237,4,4,1],
[235,4,4,1],
[238,8,8,1],//2.32.0

[232,4,4,1],
[234,4,4,1],
[236,4,4,1],
[238,4,4,1],
[241,4,4,1],
[240,4,4,1],
[238,4,4,1],
[235,4,4,1],
[234,4,4,1],
[233,4,4,1],//2.34.2

[231,2,2,1],
[230,2,2,1],
[228,2,2,1],
[227,2,2,1],
[226,2,2,1],
[224,2,2,1],//2.34.8

[231,4,4,1],
[230,4,4,1],
[228,4,4,1],
[225,4,4,1],
[224,4,4,1],
[223,4,4,1],
[224,4,4,1],
[225,4,4,1],//2.36.6

[232,4,4,1],
[233,4,4,1],
[232,4,4,1],
[233,4,4,1],
[235,4,4,1],
[233,4,4,1],
[232,4,4,1],
[233,4,4,1],

[232,4,4,1],
[233,4,4,1],
[232,4,4,1],
[233,4,4,1],
[235,4,4,1],
[233,4,4,1],
[232,4,4,1],
[233,4,4,1],

[230,4,4,1],//2.40.2
[231,4,4,1],
[230,4,4,1],
[231,4,4,1],
[233,4,4,1],
[231,4,4,1],
[230,4,4,1],
[231,4,4,1],

[230,4,4,1],//2.41.6
[231,4,4,1],
[230,4,4,1],
[231,4,4,1],
[233,4,4,1],
[231,4,4,1],
[230,4,4,1],
[231,4,4,1],

[228,4,4,1],//2.43.0
[229,4,4,1],
[228,4,4,1],
[229,4,4,1],
[231,4,4,1],
[229,4,4,1],
[228,4,4,1],
[229,4,4,1],

[231,4,4,1],//2.44.4
[229,4,4,1],
[228,4,4,1],
[229,4,4,1],
[231,4,4,1],
[229,4,4,1],
[228,4,4,1],
[229,4,4,1],

[231,4,4,1],//2.46.2
[229,4,4,1],
[228,4,4,1],
[229,4,4,1],

[231,4,4,1],//2.47.0
[229,4,4,1],
[228,4,4,1],
[229,4,4,1],

[232,4,4,1],//2.47.8
[230,4,4,1],
[229,4,4,1],
[230,4,4,1],

[232,4,4,1],
[233,4,4,1],
[235,4,4,1],
[236,4,4,1],//2.49.0

[239,4,4,1],
[240,4,4,1],
[242,4,4,1],
[238,4,4,1],//2.49.8


[235,4,4,1],
[233,4,4,1],
[232,4,4,1],
[228,4,4,1],//2.50.6

[233,4,4,1],
[235,4,4,1],
[233,4,4,1],
[232,4,4,1],//2.51.4

[233,4,4,1],
[235,4,4,1],
[233,4,4,1],
[232,4,4,1],

[233,4,4,1],
[231,4,4,1],
[230,4,4,1],
[231,4,4,1],//2.52.8

[233,4,4,1],
[237,4,4,1],
[238,4,4,1],
[240,4,4,1],//2.53.2

[238,4,4,1],
[237,4,4,1],
[235,4,4,1],
[231,4,4,1],//2.54.0